{
  "robot_params": {
    "R": 0.088,
    "l": 0.03,
    "mw": 0.322,
    "mp": 2.751,
    "M": 8.4,
    "IM": 0.112177,
    "g": 9.81
  },
  "leg_params": {
    "l1": 0.21,
    "l2": 0.24,
    "l3": 0.24,
    "l4": 0.21,
    "l5": 0.0
  },
  "Q": [
    50.0,
    1.0,
    200.0,
    50.0,
    5000.0,
    1.0
  ],
  "R": [
    50.0,
    1.0
  ],
  "dt": 0.02,
  "N": 15,
  "u_min": [
    -4.0,
    -10.0
  ],
  "u_max": [
    4.0,
    10.0
  ],
  "L0_range": {
    "min": 0.1,
    "max": 0.4,
    "n_points": 30
  },
  "L0_values": [
    0.1,
    0.11034482758620691,
    0.1206896551724138,
    0.1310344827586207,
    0.1413793103448276,
    0.1517241379310345,
    0.1620689655172414,
    0.1724137931034483,
    0.1827586206896552,
    0.1931034482758621,
    0.20344827586206898,
    0.2137931034482759,
    0.2241379310344828,
    0.23448275862068968,
    0.24482758620689657,
    0.2551724137931035,
    0.2655172413793104,
    0.27586206896551724,
    0.28620689655172415,
    0.29655172413793107,
    0.306896551724138,
    0.3172413793103449,
    0.32758620689655177,
    0.33793103448275863,
    0.34827586206896555,
    0.35862068965517246,
    0.3689655172413794,
    0.3793103448275863,
    0.3896551724137931,
    0.4
  ],
  "Ad_table": [
    [
      [
        1.0,
        0.02,
        0.0,
        0.0,
        0.0,
        0.0
      ],
      [
        1.0984081616315218,
        1.0,
        0.0,
        0.0,
        -0.009764311835371407,
        0.0
      ],
      [
        0.0,
        0.0,
        1.0,
        0.02,
        0.0,
        0.0
      ],
      [
        -0.09184349312734455,
        0.0,
        0.0,
        1.0,
        0.009258962160876126,
        0.0
      ],
      [
        0.0,
        0.0,
        0.0,
        0.0,
        1.0,
        0.02
      ],
      [
        -0.037877392994727595,
        0.0,
        0.0,
        0.0,
        0.39549347481316044,
        1.0
      ]
    ],
    [
      [
        1.0,
        0.02,
        0.0,
        0.0,
        0.0,
        0.0
      ],
      [
        0.9960166385772228,
        1.0,
        0.0,
        0.0,
        -0.008854101227580798,
        0.0
      ],
      [
        0.0,
        0.0,
        1.0,
        0.02,
        0.0,
        0.0
      ],
      [
        -0.09189739817942286,
        0.0,
        0.0,
        1.0,
        0.009259441350449165,
        0.0
      ],
      [
        0.0,
        0.0,
        0.0,
        0.0,
        1.0,
        0.02
      ],
      [
        -0.03789962410520085,
        0.0,
        0.0,
        0.0,
        0.3954936724368696,
        1.0
      ]
    ],
    [
      [
        1.0,
        0.02,
        0.0,
        0.0,
        0.0,
        0.0
      ],
      [
        0.9110469896033828,
        1.0,
        0.0,
        0.0,
        -0.00809876256741436,
        0.0
      ],
      [
        0.0,
        0.0,
        1.0,
        0.02,
        0.0,
        0.0
      ],
      [
        -0.0919380875917447,
        0.0,
        0.0,
        1.0,
        0.009259803059442403,
        0.0
      ],
      [
        0.0,
        0.0,
        0.0,
        0.0,
        1.0,
        0.02
      ],
      [
        -0.03791640492231455,
        0.0,
        0.0,
        0.0,
        0.39549382161013397,
        1.0
      ]
    ],
    [
      [
        1.0,
        0.02,
        0.0,
        0.0,
        0.0,
        0.0
      ],
      [
        0.8394093931528026,
        1.0,
        0.0,
        0.0,
        -0.007461939339661795,
        0.0
      ],
      [
        0.0,
        0.0,
        1.0,
        0.02,
        0.0,
        0.0
      ],
      [
        -0.09196955080600736,
        0.0,
        0.0,
        1.0,
        0.009260082752043148,
        0.0
      ],
      [
        0.0,
        0.0,
        0.0,
        0.0,
        1.0,
        0.02
      ],
      [
        -0.03792938074118767,
        0.0,
        0.0,
        0.0,
        0.3954939369588234,
        1.0
      ]
    ],
    [
      [
        1.0,
        0.02,
        0.0,
        0.0,
        0.0,
        0.0
      ],
      [
        0.778199218666176,
        1.0,
        0.0,
        0.0,
        -0.006917810797957256,
        0.0
      ],
      [
        0.0,
        0.0,
        1.0,
        0.02,
        0.0,
        0.0
      ],
      [
        -0.09199437879359675,
        0.0,
        0.0,
        1.0,
        0.009260303460720973,
        0.0
      ],
      [
        0.0,
        0.0,
        0.0,
        0.0,
        1.0,
        0.02
      ],
      [
        -0.03793962011047959,
        0.0,
        0.0,
        0.0,
        0.39549402798181305,
        1.0
      ]
    ],
    [
      [
        1.0,
        0.02,
        0.0,
        0.0,
        0.0,
        0.0
      ],
      [
        0.725297313956005,
        1.0,
        0.0,
        0.0,
        -0.006447538714847517,
        0.0
      ],
      [
        0.0,
        0.0,
        1.0,
        0.02,
        0.0,
        0.0
      ],
      [
        -0.09201431334736747,
        0.0,
        0.0,
        1.0,
        0.009260480669163256,
        0.0
      ],
      [
        0.0,
        0.0,
        0.0,
        0.0,
        1.0,
        0.02
      ],
      [
        -0.03794784136711559,
        0.0,
        0.0,
        0.0,
        0.3954941010647673,
        1.0
      ]
    ],
    [
      [
        1.0,
        0.02,
        0.0,
        0.0,
        0.0,
        0.0
      ],
      [
        0.6791216319106037,
        1.0,
        0.0,
        0.0,
        -0.006037059464554458,
        0.0
      ],
      [
        0.0,
        0.0,
        1.0,
        0.02,
        0.0,
        0.0
      ],
      [
        -0.09203056029414118,
        0.0,
        0.0,
        1.0,
        0.009260625096581234,
        0.0
      ],
      [
        0.0,
        0.0,
        0.0,
        0.0,
        1.0,
        0.02
      ],
      [
        -0.03795454180899729,
        0.0,
        0.0,
        0.0,
        0.39549416062842147,
        1.0
      ]
    ],
    [
      [
        1.0,
        0.02,
        0.0,
        0.0,
        0.0,
        0.0
      ],
      [
        0.6384673913662681,
        1.0,
        0.0,
        0.0,
        -0.005675663131231999,
        0.0
      ],
      [
        0.0,
        0.0,
        1.0,
        0.02,
        0.0,
        0.0
      ],
      [
        -0.09204397581145161,
        0.0,
        0.0,
        1.0,
        0.009260744353974823,
        0.0
      ],
      [
        0.0,
        0.0,
        0.0,
        0.0,
        1.0,
        0.02
      ],
      [
        -0.03796007453433355,
        0.0,
        0.0,
        0.0,
        0.3954942098116463,
        1.0
      ]
    ],
    [
      [
        1.0,
        0.02,
        0.0,
        0.0,
        0.0,
        0.0
      ],
      [
        0.602401055823821,
        1.0,
        0.0,
        0.0,
        -0.005355051031561787,
        0.0
      ],
      [
        0.0,
        0.0,
        1.0,
        0.02,
        0.0,
        0.0
      ],
      [
        -0.0920551813584889,
        0.0,
        0.0,
        1.0,
        0.009260843965812554,
        0.0
      ],
      [
        0.0,
        0.0,
        0.0,
        0.0,
        1.0,
        0.02
      ],
      [
        -0.03796469584058403,
        0.0,
        0.0,
        0.0,
        0.39549425089280077,
        1.0
      ]
    ],
    [
      [
        1.0,
        0.02,
        0.0,
        0.0,
        0.0,
        0.0
      ],
      [
        0.5701881317727141,
        1.0,
        0.0,
        0.0,
        -0.005068693877134845,
        0.0
      ],
      [
        0.0,
        0.0,
        1.0,
        0.02,
        0.0,
        0.0
      ],
      [
        -0.09206463684252263,
        0.0,
        0.0,
        1.0,
        0.009260928020445326,
        0.0
      ],
      [
        0.0,
        0.0,
        0.0,
        0.0,
        1.0,
        0.02
      ],
      [
        -0.037968595399197204,
        0.0,
        0.0,
        0.0,
        0.39549428555797134,
        1.0
      ]
    ],
    [
      [
        1.0,
        0.02,
        0.0,
        0.0,
        0.0,
        0.0
      ],
      [
        0.5412428460200496,
        1.0,
        0.0,
        0.0,
        -0.004811384430496032,
        0.0
      ],
      [
        0.0,
        0.0,
        1.0,
        0.02,
        0.0,
        0.0
      ],
      [
        -0.09207268850220998,
        0.0,
        0.0,
        1.0,
        0.009260999595765618,
        0.0
      ],
      [
        0.0,
        0.0,
        0.0,
        0.0,
        1.0,
        0.02
      ],
      [
        -0.03797191600327984,
        0.0,
        0.0,
        0.0,
        0.39549431507651917,
        1.0
      ]
    ],
    [
      [
        1.0,
        0.02,
        0.0,
        0.0,
        0.0,
        0.0
      ],
      [
        0.5150923445995101,
        1.0,
        0.0,
        0.0,
        -0.00457891925093819,
        0.0
      ],
      [
        0.0,
        0.0,
        1.0,
        0.02,
        0.0,
        0.0
      ],
      [
        -0.09207960101901412,
        0.0,
        0.0,
        1.0,
        0.009261061044662304,
        0.0
      ],
      [
        0.0,
        0.0,
        0.0,
        0.0,
        1.0,
        0.02
      ],
      [
        -0.03797476681074213,
        0.0,
        0.0,
        0.0,
        0.3954943404188045,
        1.0
      ]
    ],
    [
      [
        1.0,
        0.02,
        0.0,
        0.0,
        0.0,
        0.0
      ],
      [
        0.4913507519171301,
        1.0,
        0.0,
        0.0,
        -0.004367868092983583,
        0.0
      ],
      [
        0.0,
        0.0,
        1.0,
        0.02,
        0.0,
        0.0
      ],
      [
        -0.09208557952490727,
        0.0,
        0.0,
        1.0,
        0.00926111419065838,
        0.0
      ],
      [
        0.0,
        0.0,
        0.0,
        0.0,
        1.0,
        0.02
      ],
      [
        -0.037977232420547756,
        0.0,
        0.0,
        0.0,
        0.39549436233687074,
        1.0
      ]
    ],
    [
      [
        1.0,
        0.02,
        0.0,
        0.0,
        0.0,
        0.0
      ],
      [
        0.46970006278855764,
        1.0,
        0.0,
        0.0,
        -0.004175404045932012,
        0.0
      ],
      [
        0.0,
        0.0,
        1.0,
        0.02,
        0.0,
        0.0
      ],
      [
        -0.09209078498212353,
        0.0,
        0.0,
        1.0,
        0.009261160464629463,
        0.0
      ],
      [
        0.0,
        0.0,
        0.0,
        0.0,
        1.0,
        0.02
      ],
      [
        -0.037979379215513726,
        0.0,
        0.0,
        0.0,
        0.39549438142082916,
        1.0
      ]
    ],
    [
      [
        1.0,
        0.02,
        0.0,
        0.0,
        0.0,
        0.0
      ],
      [
        0.4498758570524289,
        1.0,
        0.0,
        0.0,
        -0.003999176543754133,
        0.0
      ],
      [
        0.0,
        0.0,
        1.0,
        0.02,
        0.0,
        0.0
      ],
      [
        -0.09209534512143618,
        0.0,
        0.0,
        1.0,
        0.009261201002039704,
        0.0
      ],
      [
        0.0,
        0.0,
        0.0,
        0.0,
        1.0,
        0.02
      ],
      [
        -0.0379812598733913,
        0.0,
        0.0,
        0.0,
        0.39549439813895865,
        1.0
      ]
    ],
    [
      [
        1.0,
        0.02,
        0.0,
        0.0,
        0.0,
        0.0
      ],
      [
        0.4316564747871804,
        1.0,
        0.0,
        0.0,
        -0.003837215138058206,
        0.0
      ],
      [
        0.0,
        0.0,
        1.0,
        0.02,
        0.0,
        0.0
      ],
      [
        -0.09209936234634597,
        0.0,
        0.0,
        1.0,
        0.009261236713206191,
        0.0
      ],
      [
        0.0,
        0.0,
        0.0,
        0.0,
        1.0,
        0.02
      ],
      [
        -0.03798291662665136,
        0.0,
        0.0,
        0.0,
        0.3954944128666855,
        1.0
      ]
    ],
    [
      [
        1.0,
        0.02,
        0.0,
        0.0,
        0.0,
        0.0
      ],
      [
        0.41485471249643896,
        1.0,
        0.0,
        0.0,
        -0.003687855681235807,
        0.0
      ],
      [
        0.0,
        0.0,
        1.0,
        0.02,
        0.0,
        0.0
      ],
      [
        -0.09210291952810255,
        0.0,
        0.0,
        1.0,
        0.009261268334813841,
        0.0
      ],
      [
        0.0,
        0.0,
        0.0,
        0.0,
        1.0,
        0.02
      ],
      [
        -0.03798438365242281,
        0.0,
        0.0,
        0.0,
        0.39549442590782785,
        1.0
      ]
    ],
    [
      [
        1.0,
        0.02,
        0.0,
        0.0,
        0.0,
        0.0
      ],
      [
        0.39931138119423126,
        1.0,
        0.0,
        0.0,
        -0.003549683060987035,
        0.0
      ],
      [
        0.0,
        0.0,
        1.0,
        0.02,
        0.0,
        0.0
      ],
      [
        -0.09210608431100142,
        0.0,
        0.0,
        1.0,
        0.009261296468187389,
        0.0
      ],
      [
        0.0,
        0.0,
        0.0,
        0.0,
        1.0,
        0.02
      ],
      [
        -0.03798568884804984,
        0.0,
        0.0,
        0.0,
        0.3954944375103792,
        1.0
      ]
    ],
    [
      [
        1.0,
        0.02,
        0.0,
        0.0,
        0.0,
        0.0
      ],
      [
        0.3848902570706065,
        1.0,
        0.0,
        0.0,
        -0.0034214863142053064,
        0.0
      ],
      [
        0.0,
        0.0,
        1.0,
        0.02,
        0.0,
        0.0
      ],
      [
        -0.09210891235002493,
        0.0,
        0.0,
        1.0,
        0.009261321608072425,
        0.0
      ],
      [
        0.0,
        0.0,
        0.0,
        0.0,
        1.0,
        0.02
      ],
      [
        -0.03798685516633601,
        0.0,
        0.0,
        0.0,
        0.3954944478783788,
        1.0
      ]
    ],
    [
      [
        1.0,
        0.02,
        0.0,
        0.0,
        0.0,
        0.0
      ],
      [
        0.371474085867255,
        1.0,
        0.0,
        0.0,
        -0.003302223107828844,
        0.0
      ],
      [
        0.0,
        0.0,
        1.0,
        0.02,
        0.0,
        0.0
      ],
      [
        -0.092111449773,
        0.0,
        0.0,
        1.0,
        0.0092613441645228,
        0.0
      ],
      [
        0.0,
        0.0,
        0.0,
        0.0,
        1.0,
        0.02
      ],
      [
        -0.03798790163096781,
        0.0,
        0.0,
        0.0,
        0.3954944571809382,
        1.0
      ]
    ],
    [
      [
        1.0,
        0.02,
        0.0,
        0.0,
        0.0,
        0.0
      ],
      [
        0.3589613931346326,
        1.0,
        0.0,
        0.0,
        -0.0031909913835852463,
        0.0
      ],
      [
        0.0,
        0.0,
        1.0,
        0.02,
        0.0,
        0.0
      ],
      [
        -0.09211373507248619,
        0.0,
        0.0,
        1.0,
        0.009261364479718549,
        0.0
      ],
      [
        0.0,
        0.0,
        0.0,
        0.0,
        1.0,
        0.02
      ],
      [
        -0.037988844116753115,
        0.0,
        0.0,
        0.0,
        0.3954944655591761,
        1.0
      ]
    ],
    [
      [
        1.0,
        0.02,
        0.0,
        0.0,
        0.0,
        0.0
      ],
      [
        0.34726391697010833,
        1.0,
        0.0,
        0.0,
        -0.0030870065362880567,
        0.0
      ],
      [
        0.0,
        0.0,
        1.0,
        0.02,
        0.0,
        0.0
      ],
      [
        -0.0921158005734834,
        0.0,
        0.0,
        1.0,
        0.009261382841013138,
        0.0
      ],
      [
        0.0,
        0.0,
        0.0,
        0.0,
        1.0,
        0.02
      ],
      [
        -0.03798969595492183,
        0.0,
        0.0,
        0.0,
        0.3954944731316013,
        1.0
      ]
    ],
    [
      [
        1.0,
        0.02,
        0.0,
        0.0,
        0.0,
        0.0
      ],
      [
        0.3363045260205009,
        1.0,
        0.0,
        0.0,
        -0.0029895829058966383,
        0.0
      ],
      [
        0.0,
        0.0,
        1.0,
        0.02,
        0.0,
        0.0
      ],
      [
        -0.09211767358225871,
        0.0,
        0.0,
        1.0,
        0.009261399491145931,
        0.0
      ],
      [
        0.0,
        0.0,
        0.0,
        0.0,
        1.0,
        0.02
      ],
      [
        -0.037990468406916625,
        0.0,
        0.0,
        0.0,
        0.3954944799983221,
        1.0
      ]
    ],
    [
      [
        1.0,
        0.02,
        0.0,
        0.0,
        0.0,
        0.0
      ],
      [
        0.3260155190355124,
        1.0,
        0.0,
        0.0,
        -0.002898118661377077,
        0.0
      ],
      [
        0.0,
        0.0,
        1.0,
        0.02,
        0.0,
        0.0
      ],
      [
        -0.09211937729307489,
        0.0,
        0.0,
        1.0,
        0.009261414636302593,
        0.0
      ],
      [
        0.0,
        0.0,
        0.0,
        0.0,
        1.0,
        0.02
      ],
      [
        -0.03799117103833827,
        0.0,
        0.0,
        0.0,
        0.39549448624437206,
        1.0
      ]
    ],
    [
      [
        1.0,
        0.02,
        0.0,
        0.0,
        0.0,
        0.0
      ],
      [
        0.3163372268340341,
        1.0,
        0.0,
        0.0,
        -0.0028120833728658306,
        0.0
      ],
      [
        0.0,
        0.0,
        1.0,
        0.02,
        0.0,
        0.0
      ],
      [
        -0.09212093150941444,
        0.0,
        0.0,
        1.0,
        0.009261428452526407,
        0.0
      ],
      [
        0.0,
        0.0,
        0.0,
        0.0,
        1.0,
        0.02
      ],
      [
        -0.03799181201638775,
        0.0,
        0.0,
        0.0,
        0.39549449194235375,
        1.0
      ]
    ],
    [
      [
        1.0,
        0.02,
        0.0,
        0.0,
        0.0,
        0.0
      ],
      [
        0.30721685575970786,
        1.0,
        0.0,
        0.0,
        -0.002731007730554737,
        0.0
      ],
      [
        0.0,
        0.0,
        1.0,
        0.02,
        0.0,
        0.0
      ],
      [
        -0.09212235322183496,
        0.0,
        0.0,
        1.0,
        0.009261441090855124,
        0.0
      ],
      [
        0.0,
        0.0,
        0.0,
        0.0,
        1.0,
        0.02
      ],
      [
        -0.03799239834818155,
        0.0,
        0.0,
        0.0,
        0.3954944971545568,
        1.0
      ]
    ],
    [
      [
        1.0,
        0.02,
        0.0,
        0.0,
        0.0,
        0.0
      ],
      [
        0.29860752533329343,
        1.0,
        0.0,
        0.0,
        -0.0026544749898908294,
        0.0
      ],
      [
        0.0,
        0.0,
        1.0,
        0.02,
        0.0,
        0.0
      ],
      [
        -0.09212365707412225,
        0.0,
        0.0,
        1.0,
        0.009261452681464853,
        0.0
      ],
      [
        0.0,
        0.0,
        0.0,
        0.0,
        1.0,
        0.02
      ],
      [
        -0.03799293607299815,
        0.0,
        0.0,
        0.0,
        0.3954945019346678,
        1.0
      ]
    ],
    [
      [
        1.0,
        0.02,
        0.0,
        0.0,
        0.0,
        0.0
      ],
      [
        0.29046746310361693,
        1.0,
        0.0,
        0.0,
        -0.002582113814194692,
        0.0
      ],
      [
        0.0,
        0.0,
        1.0,
        0.02,
        0.0,
        0.0
      ],
      [
        -0.09212485574175272,
        0.0,
        0.0,
        1.0,
        0.00926146333703437,
        0.0
      ],
      [
        0.0,
        0.0,
        0.0,
        0.0,
        1.0,
        0.02
      ],
      [
        -0.037993430418360695,
        0.0,
        0.0,
        0.0,
        0.3954945063291564,
        1.0
      ]
    ],
    [
      [
        1.0,
        0.02,
        0.0,
        0.0,
        0.0,
        0.0
      ],
      [
        0.2827593275395453,
        1.0,
        0.0,
        0.0,
        -0.002513592255500959,
        0.0
      ],
      [
        0.0,
        0.0,
        1.0,
        0.02,
        0.0,
        0.0
      ],
      [
        -0.09212596024102165,
        0.0,
        0.0,
        1.0,
        0.009261473155493175,
        0.0
      ],
      [
        0.0,
        0.0,
        0.0,
        0.0,
        1.0,
        0.02
      ],
      [
        -0.03799388592752581,
        0.0,
        0.0,
        0.0,
        0.3954945103784103,
        1.0
      ]
    ],
    [
      [
        1.0,
        0.02,
        0.0,
        0.0,
        0.0,
        0.0
      ],
      [
        0.27544963582543736,
        1.0,
        0.0,
        0.0,
        -0.002448612667939477,
        0.0
      ],
      [
        0.0,
        0.0,
        1.0,
        0.02,
        0.0,
        0.0
      ],
      [
        -0.09212698018298157,
        0.0,
        0.0,
        1.0,
        0.009261482222278818,
        0.0
      ],
      [
        0.0,
        0.0,
        0.0,
        0.0,
        1.0,
        0.02
      ],
      [
        -0.03799430656421036,
        0.0,
        0.0,
        0.0,
        0.3954945141176649,
        1.0
      ]
    ]
  ],
  "Bd_table": [
    [
      [
        0.0,
        0.0
      ],
      [
        -0.005707345332448958,
        0.11058985421869398
      ],
      [
        0.0,
        0.0
      ],
      [
        0.0189166558908849,
        -0.005831887729156894
      ],
      [
        0.0,
        0.0
      ],
      [
        -0.038611057418553016,
        0.15603173105586787
      ]
    ],
    [
      [
        0.0,
        0.0
      ],
      [
        0.0045617882153172595,
        0.09054377235449547
      ],
      [
        0.0,
        0.0
      ],
      [
        0.018018542681767558,
        -0.004938921693286353
      ],
      [
        0.0,
        0.0
      ],
      [
        -0.03898145041883148,
        0.1564000012982106
      ]
    ],
    [
      [
        0.0,
        0.0
      ],
      [
        0.011552244844411641,
        0.07543991100495302
      ],
      [
        0.0,
        0.0
      ],
      [
        0.017273643711991013,
        -0.004197907989295781
      ],
      [
        0.0,
        0.0
      ],
      [
        -0.03928865597100351,
        0.15670560451869806
      ]
    ],
    [
      [
        0.0,
        0.0
      ],
      [
        0.016369630901350202,
        0.06378214346800343
      ],
      [
        0.0,
        0.0
      ],
      [
        0.01664590372706303,
        -0.003573172298185676
      ],
      [
        0.0,
        0.0
      ],
      [
        -0.03954754370815279,
        0.15696325324790308
      ]
    ],
    [
      [
        0.0,
        0.0
      ],
      [
        0.019707371780519106,
        0.05459969304116841
      ],
      [
        0.0,
        0.0
      ],
      [
        0.01610973995317971,
        -0.0030393792474269
      ],
      [
        0.0,
        0.0
      ],
      [
        -0.03976866428274545,
        0.1571833961069449
      ]
    ],
    [
      [
        0.0,
        0.0
      ],
      [
        0.022015128837173378,
        0.047240549182523905
      ],
      [
        0.0,
        0.0
      ],
      [
        0.015646502497946677,
        -0.0025780452613103928
      ],
      [
        0.0,
        0.0
      ],
      [
        -0.03995970914117008,
        0.15737365595115324
      ]
    ],
    [
      [
        0.0,
        0.0
      ],
      [
        0.0235928061742581,
        0.04125374457233
      ],
      [
        0.0,
        0.0
      ],
      [
        0.015242277700197709,
        -0.0021753718181478994
      ],
      [
        0.0,
        0.0
      ],
      [
        -0.040126416449452904,
        0.15753972346160885
      ]
    ],
    [
      [
        0.0,
        0.0
      ],
      [
        0.024645273124448207,
        0.03631937024554015
      ],
      [
        0.0,
        0.0
      ],
      [
        0.014886476000021133,
        -0.001820851110923374
      ],
      [
        0.0,
        0.0
      ],
      [
        -0.040273153473131845,
        0.1576859321879439
      ]
    ],
    [
      [
        0.0,
        0.0
      ],
      [
        0.02531538473139698,
        0.03220543157124114
      ],
      [
        0.0,
        0.0
      ],
      [
        0.014570896130386188,
        -0.0015063412132057658
      ],
      [
        0.0,
        0.0
      ],
      [
        -0.04040330251620897,
        0.15781563996136305
      ]
    ],
    [
      [
        0.0,
        0.0
      ],
      [
        0.02570453658276491,
        0.028740399176502375
      ],
      [
        0.0,
        0.0
      ],
      [
        0.014289088326806547,
        -0.0012254362751754027
      ],
      [
        0.0,
        0.0
      ],
      [
        -0.04051952354136496,
        0.1579314886335949
      ]
    ],
    [
      [
        0.0,
        0.0
      ],
      [
        0.025885812538257686,
        0.02579525611202941
      ],
      [
        0.0,
        0.0
      ],
      [
        0.014035910809527041,
        -0.0009730275779922957
      ],
      [
        0.0,
        0.0
      ],
      [
        -0.040623937082192835,
        0.15803558510350196
      ]
    ],
    [
      [
        0.0,
        0.0
      ],
      [
        0.02591259834179957,
        0.02327146574003498
      ],
      [
        0.0,
        0.0
      ],
      [
        0.01380721444498198,
        -0.0007449912614425637
      ],
      [
        0.0,
        0.0
      ],
      [
        -0.0407182542927145,
        0.15812963010206318
      ]
    ],
    [
      [
        0.0,
        0.0
      ],
      [
        0.025824345846831357,
        0.021092730522726262
      ],
      [
        0.0,
        0.0
      ],
      [
        0.01359961438172785,
        -0.0005379620612968558
      ],
      [
        0.0,
        0.0
      ],
      [
        -0.04080387112754792,
        0.15821501150588713
      ]
    ],
    [
      [
        0.0,
        0.0
      ],
      [
        0.02565050419932466,
        0.019199236297975823
      ],
      [
        0.0,
        0.0
      ],
      [
        0.013410321920435007,
        -0.0003491666478518083
      ],
      [
        0.0,
        0.0
      ],
      [
        -0.040881937680802685,
        0.15829287307045922
      ]
    ],
    [
      [
        0.0,
        0.0
      ],
      [
        0.02541324682827895,
        0.017543561235604528
      ],
      [
        0.0,
        0.0
      ],
      [
        0.01323701887295591,
        -0.0001762990294497057
      ],
      [
        0.0,
        0.0
      ],
      [
        -0.040953410001955,
        0.15836416581527243
      ]
    ],
    [
      [
        0.0,
        0.0
      ],
      [
        0.025129392285459313,
        0.01608772138331109
      ],
      [
        0.0,
        0.0
      ],
      [
        0.01307776239571094,
        -1.7426140602939223e-05
      ],
      [
        0.0,
        0.0
      ],
      [
        -0.04101908934373699,
        0.15842968696045265
      ]
    ],
    [
      [
        0.0,
        0.0
      ],
      [
        0.024811776109177956,
        0.014801005905550686
      ],
      [
        0.0,
        0.0
      ],
      [
        0.012930912012884278,
        0.0001290845814671556
      ],
      [
        0.0,
        0.0
      ],
      [
        -0.041079652258673605,
        0.1584901097950904
      ]
    ],
    [
      [
        0.0,
        0.0
      ],
      [
        0.024470242997662203,
        0.013658369798035712
      ],
      [
        0.0,
        0.0
      ],
      [
        0.012795073021501926,
        0.00026462138065710863
      ],
      [
        0.0,
        0.0
      ],
      [
        -0.041135673939528695,
        0.15854600684814618
      ]
    ],
    [
      [
        0.0,
        0.0
      ],
      [
        0.024112372632389426,
        0.012639225924085163
      ],
      [
        0.0,
        0.0
      ],
      [
        0.012669052144482476,
        0.0003903722197813786
      ],
      [
        0.0,
        0.0
      ],
      [
        -0.04118764650853571,
        0.1585978680501839
      ]
    ],
    [
      [
        0.0,
        0.0
      ],
      [
        0.023744016222952948,
        0.011726526943906895
      ],
      [
        0.0,
        0.0
      ],
      [
        0.012551822448032782,
        0.0005073596280753353
      ],
      [
        0.0,
        0.0
      ],
      [
        -0.04123599348589774,
        0.15864611510491256
      ]
    ],
    [
      [
        0.0,
        0.0
      ],
      [
        0.02336969693466603,
        0.010906060311474857
      ],
      [
        0.0,
        0.0
      ],
      [
        0.012442495342189176,
        0.0006164685200053517
      ],
      [
        0.0,
        0.0
      ],
      [
        -0.041281081337110816,
        0.15869111296200755
      ]
    ],
    [
      [
        0.0,
        0.0
      ],
      [
        0.02299291135212464,
        0.010165901673618223
      ],
      [
        0.0,
        0.0
      ],
      [
        0.01234029805092403,
        0.0007184685850168482
      ],
      [
        0.0,
        0.0
      ],
      [
        -0.0413232287645707,
        0.15873317905092008
      ]
    ],
    [
      [
        0.0,
        0.0
      ],
      [
        0.02261635826098559,
        0.009495987286809284
      ],
      [
        0.0,
        0.0
      ],
      [
        0.012244555344964997,
        0.0008140324450182665
      ],
      [
        0.0,
        0.0
      ],
      [
        -0.041362714241184255,
        0.1587725907692478
      ]
    ],
    [
      [
        0.0,
        0.0
      ],
      [
        0.022242113549915052,
        0.008887776746517863
      ],
      [
        0.0,
        0.0
      ],
      [
        0.012154674625420468,
        0.0009037504841757964
      ],
      [
        0.0,
        0.0
      ],
      [
        -0.04139978216206698,
        0.15880959159872596
      ]
    ],
    [
      [
        0.0,
        0.0
      ],
      [
        0.02187176482418415,
        0.008333984881088698
      ],
      [
        0.0,
        0.0
      ],
      [
        0.012070133662583598,
        0.0009881430412426243
      ],
      [
        0.0,
        0.0
      ],
      [
        -0.04143464790121177,
        0.15884439613349485
      ]
    ],
    [
      [
        0.0,
        0.0
      ],
      [
        0.021506515651487406,
        0.0078283670722182
      ],
      [
        0.0,
        0.0
      ],
      [
        0.011990470454534725,
        0.001067670495779475
      ],
      [
        0.0,
        0.0
      ],
      [
        -0.04146750199392692,
        0.1588771942397819
      ]
    ],
    [
      [
        0.0,
        0.0
      ],
      [
        0.021147266746774748,
        0.007365546179477961
      ],
      [
        0.0,
        0.0
      ],
      [
        0.011915274790052293,
        0.0011427416607326045
      ],
      [
        0.0,
        0.0
      ],
      [
        -0.04149851361639595,
        0.15890815451710455
      ]
    ],
    [
      [
        0.0,
        0.0
      ],
      [
        0.020794679523284093,
        0.0069408721088878005
      ],
      [
        0.0,
        0.0
      ],
      [
        0.011844181190858265,
        0.0012137208040505704
      ],
      [
        0.0,
        0.0
      ],
      [
        -0.04152783349638293,
        0.15893742719407197
      ]
    ],
    [
      [
        0.0,
        0.0
      ],
      [
        0.020449226072736908,
        0.006550307178440549
      ],
      [
        0.0,
        0.0
      ],
      [
        0.011776862977148656,
        0.001280933553636338
      ],
      [
        0.0,
        0.0
      ],
      [
        -0.04155559636068131,
        0.15896514656366073
      ]
    ],
    [
      [
        0.0,
        0.0
      ],
      [
        0.020111228638859623,
        0.006190332007105315
      ],
      [
        0.0,
        0.0
      ],
      [
        0.011713027253266742,
        0.0013446718874264765
      ],
      [
        0.0,
        0.0
      ],
      [
        -0.04158192300308401,
        0.15899143304118452
      ]
    ]
  ],
  "P_table": [
    [
      [
        850887.9682553944,
        111123.5465362276,
        -23341.44865881231,
        -30645.361205999656,
        -434511.6036211308,
        -75698.41972230187
      ],
      [
        111123.5465362276,
        14549.727284003447,
        -2716.128895936446,
        -3581.407476405242,
        -56762.9620442874,
        -9895.963660607315
      ],
      [
        -23341.44865881231,
        -2716.128895936446,
        12226.873809874349,
        6178.226729674476,
        12174.080630627219,
        2039.131849716344
      ],
      [
        -30645.361205999656,
        -3581.407476405242,
        6178.226729674476,
        7157.956446260627,
        15828.434263973733,
        2654.9926308967206
      ],
      [
        -434511.6036211308,
        -56762.9620442874,
        12174.080630627219,
        15828.434263973733,
        243246.9857324449,
        39333.533409380194
      ],
      [
        -75698.41972230187,
        -9895.963660607315,
        2039.131849716344,
        2654.9926308967206,
        39333.533409380194,
        6780.117973566019
      ]
    ],
    [
      [
        967223.1942236915,
        131644.10558634275,
        -36715.75053021163,
        -48139.11231060148,
        -418406.9254290038,
        -74125.83235862848
      ],
      [
        131644.10558634275,
        17961.507332186437,
        -4635.114187885093,
        -6091.180665736329,
        -56961.229228808385,
        -10099.172091990466
      ],
      [
        -36715.75053021163,
        -4635.114187885093,
        12998.095611918223,
        7180.700602288266,
        16106.042406176726,
        2772.6049109699266
      ],
      [
        -48139.11231060148,
        -6091.180665736329,
        7180.700602288266,
        8465.542816726085,
        20982.24368757078,
        3615.3516308444086
      ],
      [
        -418406.9254290038,
        -56961.229228808385,
        16106.042406176726,
        20982.24368757078,
        202275.2505830873,
        32735.74958646926
      ],
      [
        -74125.83235862848,
        -10099.172091990466,
        2772.6049109699266,
        3615.3516308444086,
        32735.74958646926,
        5725.49382795354
      ]
    ],
    [
      [
        964513.688677447,
        136309.2876736493,
        -44641.751912131855,
        -58702.5184180579,
        -358352.13616864197,
        -64435.548331365426
      ],
      [
        136309.2876736493,
        19315.14857935858,
        -5917.395490942902,
        -7795.576402346753,
        -50655.366825408026,
        -9116.946345779532
      ],
      [
        -44641.751912131855,
        -5917.395490942902,
        13687.714619116692,
        8085.654700916037,
        16782.031781793292,
        2937.680381037857
      ],
      [
        -58702.5184180579,
        -7795.576402346753,
        8085.654700916037,
        9657.514514310697,
        21949.445656638218,
        3845.3606900011355
      ],
      [
        -358352.13616864197,
        -50655.366825408026,
        16782.031781793292,
        21949.445656638218,
        154362.53413961502,
        24604.885722167004
      ],
      [
        -64435.548331365426,
        -9116.946345779532,
        2937.680381037857,
        3845.3606900011355,
        24604.885722167004,
        4348.645277616374
      ]
    ],
    [
      [
        908375.3296904432,
        132891.28121625734,
        -48123.421548616534,
        -63548.38557222212,
        -293269.151800927,
        -53428.24522746196
      ],
      [
        132891.28121625734,
        19500.497212945073,
        -6619.5794838272595,
        -8756.89535450596,
        -42913.596886444066,
        -7827.379296764173
      ],
      [
        -48123.421548616534,
        -6619.5794838272595,
        14187.487375551927,
        8750.142896578163,
        15708.552975032657,
        2782.6632554336747
      ],
      [
        -63548.38557222212,
        -8756.89535450596,
        8750.142896578163,
        10545.242429317545,
        20639.438099080686,
        3659.1696585380123
      ],
      [
        -293269.151800927,
        -42913.596886444066,
        15708.552975032657,
        20639.438099080686,
        115862.8771209519,
        17910.305584398782
      ],
      [
        -53428.24522746196,
        -7827.379296764173,
        2782.6632554336747,
        3659.1696585380123,
        17910.305584398782,
        3185.9539088780894
      ]
    ],
    [
      [
        842891.4345495317,
        127319.02699364381,
        -49253.10626962899,
        -65342.68722031243,
        -238843.50312082403,
        -44017.70927393402
      ],
      [
        127319.02699364381,
        19298.934593839153,
        -6990.312180323483,
        -9290.925273992143,
        -36085.56288706721,
        -6660.429663301471
      ],
      [
        -49253.10626962899,
        -6990.312180323483,
        14532.016516971245,
        9216.131328657011,
        14106.980974453298,
        2521.3808701422695
      ],
      [
        -65342.68722031243,
        -9290.925273992143,
        9216.131328657011,
        11179.410489963848,
        18623.797216798244,
        3331.678042092595
      ],
      [
        -238843.50312082403,
        -36085.56288706721,
        14106.980974453298,
        18623.797216798244,
        88829.88861181097,
        13131.2002798408
      ],
      [
        -44017.70927393402,
        -6660.429663301471,
        2521.3808701422695,
        3331.678042092595,
        13131.2002798408,
        2341.7846381539034
      ]
    ],
    [
      [
        784652.2118762245,
        122102.6849280011,
        -49379.30004388792,
        -65821.0883833277,
        -196840.6431866326,
        -36645.85699983409
      ],
      [
        122102.6849280011,
        19076.959401078762,
        -7206.342095544753,
        -9624.663911752825,
        -30638.15750828445,
        -5714.652078237308
      ],
      [
        -49379.30004388792,
        -7206.342095544753,
        14776.924260312688,
        9554.15228590051,
        12518.874178390899,
        2252.780847544139
      ],
      [
        -65821.0883833277,
        -9624.663911752825,
        9554.15228590051,
        11649.410149272779,
        16607.115592664188,
        2991.454465926585
      ],
      [
        -196840.6431866326,
        -30638.15750828445,
        12518.874178390899,
        16607.115592664188,
        70507.80904493692,
        9849.30007024339
      ],
      [
        -36645.85699983409,
        -5714.652078237308,
        2252.780847544139,
        2991.454465926585,
        9849.30007024339,
        1754.2911769601633
      ]
    ],
    [
      [
        737265.0594192089,
        117967.09026766052,
        -49156.61249024739,
        -65832.61362407554,
        -164981.31438786682,
        -30987.323883633195
      ],
      [
        117967.09026766052,
        18960.808428815286,
        -7359.576006233023,
        -9876.990480580156,
        -26404.222363014596,
        -4970.761440880982
      ],
      [
        -49156.61249024739,
        -7359.576006233023,
        14961.840204031038,
        9814.901568780471,
        11114.227989558087,
        2010.1969318238366
      ],
      [
        -65832.61362407554,
        -9876.990480580156,
        9814.901568780471,
        12020.07105262232,
        14814.822069967619,
        2682.5308657625355
      ],
      [
